********** 0s até 3s **********
* Processo executado: PID: 01 | Chegada: 0 | Burst Restante: 9
* Fila alta: 1, 5. 
* Fila baixa: 
* Fez IO!

********** 3s até 5s **********
* Processo executado: PID: 05 | Chegada: 0 | Burst Restante: 4
* Fila alta: 5, 3. 
* Fila baixa: 8, 2, 10, 6. 
* Fez IO!

********** 5s até 10s **********
* Processo executado: PID: 03 | Chegada: 1 | Burst Restante: 3
* Fila alta: 3, 7. 
* Fila baixa: 8, 2, 10, 6, 4, 8, 2, 10, 6, 4, 8, 2, 10, 6, 4, 4. 
* Quantum terminou!

********** 10s até 19s **********
* Processo executado: PID: 07 | Chegada: 5 | Burst Restante: 21
* Fila alta: 7, 3, 11, 9, 3, 7, 11, 9, 3, 7, 7, 11, 11, 9, 9, 3, 3, 7, 7, 7, 11, 11, 11, 11, 9, 9, 9, 9. 
* Fila baixa: 8, 2, 10, 6, 4, 8, 2, 10, 6, 4, 8, 2, 10, 6, 4, 4. 
* Fez IO!

********** 19s até 22s **********
* Processo executado: PID: 03 | Chegada: 1 | Burst Restante: 0
* Fila alta: 3, 11, 9, 3, 7, 11, 9, 3, 7, 7, 11, 11, 9, 9, 3, 3, 7, 7, 7, 11, 11, 11, 11, 9, 9, 9, 9, 1, 1, 1, 1, 5, 1, 1, 1, 1, 5, 1, 1, 1, 1, 1, 1, 1, 1, 5, 5. 
* Fila baixa: 8, 2, 10, 6, 4, 8, 2, 10, 6, 4, 8, 2, 10, 6, 4, 4. 
* Processo terminou!

********** 22s até 45s **********
* Processo executado: PID: 11 | Chegada: 6 | Burst Restante: 20
* Fila alta: 11, 9, 3, 7, 11, 9, 3, 7, 7, 11, 11, 9, 9, 3, 3, 7, 7, 7, 11, 11, 11, 11, 9, 9, 9, 9, 1, 1, 1, 1, 5, 1, 1, 1, 1, 5, 1, 1, 1, 1, 1, 1, 1, 1, 5, 5. 
* Fila baixa: 8, 2, 10, 6, 4, 8, 2, 10, 6, 4, 8, 2, 10, 6, 4, 4. 
* Fez IO!

********** 45s até 49s **********
* Processo executado: PID: 09 | Chegada: 7 | Burst Restante: 10
* Fila alta: 9, 3, 7, 11, 9, 3, 7, 7, 11, 11, 9, 9, 3, 3, 7, 7, 7, 11, 11, 11, 11, 9, 9, 9, 9, 1, 1, 1, 1, 5, 1, 1, 1, 1, 5, 1, 1, 1, 1, 1, 1, 1, 1, 5, 5. 
* Fila baixa: 8, 2, 10, 6, 4, 8, 2, 10, 6, 4, 8, 2, 10, 6, 4, 4. 
* Fez IO!

********** 49s até 49s **********
* Processo executado: PID: 03 | Chegada: 1 | Burst Restante: 0
* Fila alta: 3, 7, 11, 9, 3, 7, 7, 11, 11, 9, 9, 3, 3, 7, 7, 7, 11, 11, 11, 11, 9, 9, 9, 9, 1, 1, 1, 1, 5, 1, 1, 1, 1, 5, 1, 1, 1, 1, 1, 1, 1, 1, 5, 5, 7, 7, 7, 7, 7, 7, 7, 7, 7, 7, 7, 7, 7, 7, 7, 7. 
* Fila baixa: 8, 2, 10, 6, 4, 8, 2, 10, 6, 4, 8, 2, 10, 6, 4, 4. 
* Processo terminou!

********** 49s até 58s **********
* Processo executado: PID: 07 | Chegada: 5 | Burst Restante: 12
* Fila alta: 7, 11, 9, 3, 7, 7, 11, 11, 9, 9, 3, 3, 7, 7, 7, 11, 11, 11, 11, 9, 9, 9, 9, 1, 1, 1, 1, 5, 1, 1, 1, 1, 5, 1, 1, 1, 1, 1, 1, 1, 1, 5, 5, 7, 7, 7, 7, 7, 7, 7, 7, 7, 7, 7, 7, 7, 7, 7, 7. 
* Fila baixa: 8, 2, 10, 6, 4, 8, 2, 10, 6, 4, 8, 2, 10, 6, 4, 4. 
* Fez IO!

********** 58s até 59s **********
* Processo executado: PID: 11 | Chegada: 6 | Burst Restante: 19
* Fila alta: 11, 9, 3, 7, 7, 11, 11, 9, 9, 3, 3, 7, 7, 7, 11, 11, 11, 11, 9, 9, 9, 9, 1, 1, 1, 1, 5, 1, 1, 1, 1, 5, 1, 1, 1, 1, 1, 1, 1, 1, 5, 5, 7, 7, 7, 7, 7, 7, 7, 7, 7, 7, 7, 7, 7, 7, 7, 7. 
* Fila baixa: 8, 2, 10, 6, 4, 8, 2, 10, 6, 4, 8, 2, 10, 6, 4, 4. 
* Fez IO!

********** 59s até 66s **********
* Processo executado: PID: 09 | Chegada: 7 | Burst Restante: 3
* Fila alta: 9, 3, 7, 7, 11, 11, 9, 9, 3, 3, 7, 7, 7, 11, 11, 11, 11, 9, 9, 9, 9, 1, 1, 1, 1, 5, 1, 1, 1, 1, 5, 1, 1, 1, 1, 1, 1, 1, 1, 5, 5, 7, 7, 7, 7, 7, 7, 7, 7, 7, 7, 7, 7, 7, 7, 7, 7, 11, 11, 11, 11, 9, 11, 11, 11, 11, 9, 11, 11, 11, 11, 11, 11, 11, 11, 9, 9, 11, 11, 11, 11, 11, 11, 11, 11, 11, 11, 11, 11, 11, 11, 11, 11, 9, 9, 9, 9, 11, 11, 11, 11, 11, 11, 11, 11, 11, 11, 11, 11, 11, 11, 11, 11, 11, 11, 11, 11, 11, 11, 11, 11, 11, 11, 11, 11, 11, 11, 11, 11, 9, 9, 9, 9, 9, 9, 9, 9. 
* Fila baixa: 8, 2, 10, 6, 4, 8, 2, 10, 6, 4, 8, 2, 10, 6, 4, 4. 
* Fez IO!

********** 66s até 66s **********
* Processo executado: PID: 03 | Chegada: 1 | Burst Restante: 0
* Fila alta: 3, 7, 7, 11, 11, 9, 9, 3, 3, 7, 7, 7, 11, 11, 11, 11, 9, 9, 9, 9, 1, 1, 1, 1, 5, 1, 1, 1, 1, 5, 1, 1, 1, 1, 1, 1, 1, 1, 5, 5, 7, 7, 7, 7, 7, 7, 7, 7, 7, 7, 7, 7, 7, 7, 7, 7, 11, 11, 11, 11, 9, 11, 11, 11, 11, 9, 11, 11, 11, 11, 11, 11, 11, 11, 9, 9, 11, 11, 11, 11, 11, 11, 11, 11, 11, 11, 11, 11, 11, 11, 11, 11, 9, 9, 9, 9, 11, 11, 11, 11, 11, 11, 11, 11, 11, 11, 11, 11, 11, 11, 11, 11, 11, 11, 11, 11, 11, 11, 11, 11, 11, 11, 11, 11, 11, 11, 11, 11, 9, 9, 9, 9, 9, 9, 9, 9. 
* Fila baixa: 8, 2, 10, 6, 4, 8, 2, 10, 6, 4, 8, 2, 10, 6, 4, 4. 
* Processo terminou!

********** 66s até 75s **********
* Processo executado: PID: 07 | Chegada: 5 | Burst Restante: 3
* Fila alta: 7, 7, 11, 11, 9, 9, 3, 3, 7, 7, 7, 11, 11, 11, 11, 9, 9, 9, 9, 1, 1, 1, 1, 5, 1, 1, 1, 1, 5, 1, 1, 1, 1, 1, 1, 1, 1, 5, 5, 7, 7, 7, 7, 7, 7, 7, 7, 7, 7, 7, 7, 7, 7, 7, 7, 11, 11, 11, 11, 9, 11, 11, 11, 11, 9, 11, 11, 11, 11, 11, 11, 11, 11, 9, 9, 11, 11, 11, 11, 11, 11, 11, 11, 11, 11, 11, 11, 11, 11, 11, 11, 9, 9, 9, 9, 11, 11, 11, 11, 11, 11, 11, 11, 11, 11, 11, 11, 11, 11, 11, 11, 11, 11, 11, 11, 11, 11, 11, 11, 11, 11, 11, 11, 11, 11, 11, 11, 9, 9, 9, 9, 9, 9, 9, 9, 7, 7, 7, 7, 11, 7, 7, 7, 7, 11, 7, 7, 7, 7, 7, 7, 7, 7, 11, 11. 
* Fila baixa: 8, 2, 10, 6, 4, 8, 2, 10, 6, 4, 8, 2, 10, 6, 4, 4. 
* Fez IO!

********** 75s até 78s **********
* Processo executado: PID: 07 | Chegada: 5 | Burst Restante: 0
* Fila alta: 7, 11, 11, 9, 9, 3, 3, 7, 7, 7, 11, 11, 11, 11, 9, 9, 9, 9, 1, 1, 1, 1, 5, 1, 1, 1, 1, 5, 1, 1, 1, 1, 1, 1, 1, 1, 5, 5, 7, 7, 7, 7, 7, 7, 7, 7, 7, 7, 7, 7, 7, 7, 7, 7, 11, 11, 11, 11, 9, 11, 11, 11, 11, 9, 11, 11, 11, 11, 11, 11, 11, 11, 9, 9, 11, 11, 11, 11, 11, 11, 11, 11, 11, 11, 11, 11, 11, 11, 11, 11, 9, 9, 9, 9, 11, 11, 11, 11, 11, 11, 11, 11, 11, 11, 11, 11, 11, 11, 11, 11, 11, 11, 11, 11, 11, 11, 11, 11, 11, 11, 11, 11, 11, 11, 11, 11, 9, 9, 9, 9, 9, 9, 9, 9, 7, 7, 7, 7, 11, 7, 7, 7, 7, 11, 7, 7, 7, 7, 7, 7, 7, 7, 11, 11. 
* Fila baixa: 8, 2, 10, 6, 4, 8, 2, 10, 6, 4, 8, 2, 10, 6, 4, 4. 
* Processo terminou!

********** 78s até 81s **********
* Processo executado: PID: 11 | Chegada: 6 | Burst Restante: 16
* Fila alta: 11, 11, 9, 9, 3, 3, 7, 7, 7, 11, 11, 11, 11, 9, 9, 9, 9, 1, 1, 1, 1, 5, 1, 1, 1, 1, 5, 1, 1, 1, 1, 1, 1, 1, 1, 5, 5, 7, 7, 7, 7, 7, 7, 7, 7, 7, 7, 7, 7, 7, 7, 7, 7, 11, 11, 11, 11, 9, 11, 11, 11, 11, 9, 11, 11, 11, 11, 11, 11, 11, 11, 9, 9, 11, 11, 11, 11, 11, 11, 11, 11, 11, 11, 11, 11, 11, 11, 11, 11, 9, 9, 9, 9, 11, 11, 11, 11, 11, 11, 11, 11, 11, 11, 11, 11, 11, 11, 11, 11, 11, 11, 11, 11, 11, 11, 11, 11, 11, 11, 11, 11, 11, 11, 11, 11, 9, 9, 9, 9, 9, 9, 9, 9, 7, 7, 7, 7, 11, 7, 7, 7, 7, 11, 7, 7, 7, 7, 7, 7, 7, 7, 11, 11, 9, 9, 9, 9, 9, 9, 9, 9, 9, 9, 9, 9, 9, 9, 9, 9. 
* Fila baixa: 8, 2, 10, 6, 4, 8, 2, 10, 6, 4, 8, 2, 10, 6, 4, 4. 
* Fez IO!

********** 81s até 93s **********
* Processo executado: PID: 11 | Chegada: 6 | Burst Restante: 4
* Fila alta: 11, 9, 9, 3, 3, 7, 7, 7, 11, 11, 11, 11, 9, 9, 9, 9, 1, 1, 1, 1, 5, 1, 1, 1, 1, 5, 1, 1, 1, 1, 1, 1, 1, 1, 5, 5, 7, 7, 7, 7, 7, 7, 7, 7, 7, 7, 7, 7, 7, 7, 7, 7, 11, 11, 11, 11, 9, 11, 11, 11, 11, 9, 11, 11, 11, 11, 11, 11, 11, 11, 9, 9, 11, 11, 11, 11, 11, 11, 11, 11, 11, 11, 11, 11, 11, 11, 11, 11, 9, 9, 9, 9, 11, 11, 11, 11, 11, 11, 11, 11, 11, 11, 11, 11, 11, 11, 11, 11, 11, 11, 11, 11, 11, 11, 11, 11, 11, 11, 11, 11, 11, 11, 11, 11, 9, 9, 9, 9, 9, 9, 9, 9, 7, 7, 7, 7, 11, 7, 7, 7, 7, 11, 7, 7, 7, 7, 7, 7, 7, 7, 11, 11, 9, 9, 9, 9, 9, 9, 9, 9, 9, 9, 9, 9, 9, 9, 9, 9. 
* Fila baixa: 8, 2, 10, 6, 4, 8, 2, 10, 6, 4, 8, 2, 10, 6, 4, 4. 
* Fez IO!

********** 93s até 96s **********
* Processo executado: PID: 09 | Chegada: 7 | Burst Restante: 0
* Fila alta: 9, 9, 3, 3, 7, 7, 7, 11, 11, 11, 11, 9, 9, 9, 9, 1, 1, 1, 1, 5, 1, 1, 1, 1, 5, 1, 1, 1, 1, 1, 1, 1, 1, 5, 5, 7, 7, 7, 7, 7, 7, 7, 7, 7, 7, 7, 7, 7, 7, 7, 7, 11, 11, 11, 11, 9, 11, 11, 11, 11, 9, 11, 11, 11, 11, 11, 11, 11, 11, 9, 9, 11, 11, 11, 11, 11, 11, 11, 11, 11, 11, 11, 11, 11, 11, 11, 11, 9, 9, 9, 9, 11, 11, 11, 11, 11, 11, 11, 11, 11, 11, 11, 11, 11, 11, 11, 11, 11, 11, 11, 11, 11, 11, 11, 11, 11, 11, 11, 11, 11, 11, 11, 11, 9, 9, 9, 9, 9, 9, 9, 9, 7, 7, 7, 7, 11, 7, 7, 7, 7, 11, 7, 7, 7, 7, 7, 7, 7, 7, 11, 11, 9, 9, 9, 9, 9, 9, 9, 9, 9, 9, 9, 9, 9, 9, 9, 9. 
* Fila baixa: 8, 2, 10, 6, 4, 8, 2, 10, 6, 4, 8, 2, 10, 6, 4, 4. 
* Processo terminou!

********** 96s até 96s **********
* Processo executado: PID: 09 | Chegada: 7 | Burst Restante: 0
* Fila alta: 9, 3, 3, 7, 7, 7, 11, 11, 11, 11, 9, 9, 9, 9, 1, 1, 1, 1, 5, 1, 1, 1, 1, 5, 1, 1, 1, 1, 1, 1, 1, 1, 5, 5, 7, 7, 7, 7, 7, 7, 7, 7, 7, 7, 7, 7, 7, 7, 7, 7, 11, 11, 11, 11, 9, 11, 11, 11, 11, 9, 11, 11, 11, 11, 11, 11, 11, 11, 9, 9, 11, 11, 11, 11, 11, 11, 11, 11, 11, 11, 11, 11, 11, 11, 11, 11, 9, 9, 9, 9, 11, 11, 11, 11, 11, 11, 11, 11, 11, 11, 11, 11, 11, 11, 11, 11, 11, 11, 11, 11, 11, 11, 11, 11, 11, 11, 11, 11, 11, 11, 11, 11, 9, 9, 9, 9, 9, 9, 9, 9, 7, 7, 7, 7, 11, 7, 7, 7, 7, 11, 7, 7, 7, 7, 7, 7, 7, 7, 11, 11, 9, 9, 9, 9, 9, 9, 9, 9, 9, 9, 9, 9, 9, 9, 9, 9. 
* Fila baixa: 8, 2, 10, 6, 4, 8, 2, 10, 6, 4, 8, 2, 10, 6, 4, 4. 
* Processo terminou!

********** 96s até 96s **********
* Processo executado: PID: 03 | Chegada: 1 | Burst Restante: 0
* Fila alta: 3, 3, 7, 7, 7, 11, 11, 11, 11, 9, 9, 9, 9, 1, 1, 1, 1, 5, 1, 1, 1, 1, 5, 1, 1, 1, 1, 1, 1, 1, 1, 5, 5, 7, 7, 7, 7, 7, 7, 7, 7, 7, 7, 7, 7, 7, 7, 7, 7, 11, 11, 11, 11, 9, 11, 11, 11, 11, 9, 11, 11, 11, 11, 11, 11, 11, 11, 9, 9, 11, 11, 11, 11, 11, 11, 11, 11, 11, 11, 11, 11, 11, 11, 11, 11, 9, 9, 9, 9, 11, 11, 11, 11, 11, 11, 11, 11, 11, 11, 11, 11, 11, 11, 11, 11, 11, 11, 11, 11, 11, 11, 11, 11, 11, 11, 11, 11, 11, 11, 11, 11, 9, 9, 9, 9, 9, 9, 9, 9, 7, 7, 7, 7, 11, 7, 7, 7, 7, 11, 7, 7, 7, 7, 7, 7, 7, 7, 11, 11, 9, 9, 9, 9, 9, 9, 9, 9, 9, 9, 9, 9, 9, 9, 9, 9. 
* Fila baixa: 8, 2, 10, 6, 4, 8, 2, 10, 6, 4, 8, 2, 10, 6, 4, 4. 
* Processo terminou!

********** 96s até 96s **********
* Processo executado: PID: 03 | Chegada: 1 | Burst Restante: 0
* Fila alta: 3, 7, 7, 7, 11, 11, 11, 11, 9, 9, 9, 9, 1, 1, 1, 1, 5, 1, 1, 1, 1, 5, 1, 1, 1, 1, 1, 1, 1, 1, 5, 5, 7, 7, 7, 7, 7, 7, 7, 7, 7, 7, 7, 7, 7, 7, 7, 7, 11, 11, 11, 11, 9, 11, 11, 11, 11, 9, 11, 11, 11, 11, 11, 11, 11, 11, 9, 9, 11, 11, 11, 11, 11, 11, 11, 11, 11, 11, 11, 11, 11, 11, 11, 11, 9, 9, 9, 9, 11, 11, 11, 11, 11, 11, 11, 11, 11, 11, 11, 11, 11, 11, 11, 11, 11, 11, 11, 11, 11, 11, 11, 11, 11, 11, 11, 11, 11, 11, 11, 11, 9, 9, 9, 9, 9, 9, 9, 9, 7, 7, 7, 7, 11, 7, 7, 7, 7, 11, 7, 7, 7, 7, 7, 7, 7, 7, 11, 11, 9, 9, 9, 9, 9, 9, 9, 9, 9, 9, 9, 9, 9, 9, 9, 9. 
* Fila baixa: 8, 2, 10, 6, 4, 8, 2, 10, 6, 4, 8, 2, 10, 6, 4, 4. 
* Processo terminou!

********** 96s até 96s **********
* Processo executado: PID: 07 | Chegada: 5 | Burst Restante: 0
* Fila alta: 7, 7, 7, 11, 11, 11, 11, 9, 9, 9, 9, 1, 1, 1, 1, 5, 1, 1, 1, 1, 5, 1, 1, 1, 1, 1, 1, 1, 1, 5, 5, 7, 7, 7, 7, 7, 7, 7, 7, 7, 7, 7, 7, 7, 7, 7, 7, 11, 11, 11, 11, 9, 11, 11, 11, 11, 9, 11, 11, 11, 11, 11, 11, 11, 11, 9, 9, 11, 11, 11, 11, 11, 11, 11, 11, 11, 11, 11, 11, 11, 11, 11, 11, 9, 9, 9, 9, 11, 11, 11, 11, 11, 11, 11, 11, 11, 11, 11, 11, 11, 11, 11, 11, 11, 11, 11, 11, 11, 11, 11, 11, 11, 11, 11, 11, 11, 11, 11, 11, 9, 9, 9, 9, 9, 9, 9, 9, 7, 7, 7, 7, 11, 7, 7, 7, 7, 11, 7, 7, 7, 7, 7, 7, 7, 7, 11, 11, 9, 9, 9, 9, 9, 9, 9, 9, 9, 9, 9, 9, 9, 9, 9, 9. 
* Fila baixa: 8, 2, 10, 6, 4, 8, 2, 10, 6, 4, 8, 2, 10, 6, 4, 4. 
* Processo terminou!

